0.869680
0.895303
0.923698
0.912050
0.951341
0.950719
0.915125
0.933357
0.960425
0.955416
0.930427
0.901743
0.974154
0.945248
0.874300
0.888224
0.922437
0.890365
0.902560
0.965081
0.956988
0.917444
0.914787
0.971172
0.925990
0.934660
0.941503
0.938347
0.966288
0.903734
0.939926
0.934056
0.889776
0.916068
0.925264
0.921583
0.915540
0.890294
0.902874
0.928051
0.922668
0.943278
0.912684
0.930567
0.949176
0.940828
0.913525
0.966791
0.948026
0.953359
0.941211
0.897243
0.913993
0.946245
0.887206
0.879647
0.951448
0.886559
0.882628
0.922288
0.894538
0.897690
0.899736
0.884134
0.909460
0.899211
0.888421
0.884834
0.909580
0.922517
0.917342
0.907643
0.914962
0.861295
0.935683
0.881914
0.912203
0.939753
0.931915
0.964115
0.917961
0.886827
0.913032
0.916498
0.880696
0.950526
0.888061
0.893113
0.902412
0.921721
0.902798
0.896269
0.921789
0.929815
0.934458
0.920215
0.908596
0.900499
0.878390
0.943661
0.903198
0.908818
0.968740
0.867492
0.915272
0.928645
0.906758
0.899763
0.911946
0.890204
0.919743
0.938255
0.872497
0.908821
0.910264
0.928102
0.920092
0.932054
0.956896
0.965178
0.897524
0.932727
0.960188
0.905487
0.909206
0.916706
0.944363
0.932415
0.948451
0.968272
0.963827
0.939286
0.916130
0.891020
0.880991
0.919176
0.931023
0.876407
0.874959
0.909385
0.885276
0.913078
0.970353
0.957883
0.898898
0.849589
0.899103
0.880354
0.915569
0.899992
0.858033
0.932731
0.913134
0.913310
0.903603
0.895501
0.908733
0.954202
0.961414
0.944660
0.933042
0.955929
0.953245
0.944937
0.950276
0.914599
0.921797
0.951494
0.949314
0.887711
0.909087
0.899018
0.925841
0.933498
0.882991
0.894284
0.958031
0.965344
0.894738
0.904607
0.913574
0.917796
0.876088
0.880667
0.919026
0.937766
0.922058
0.939176
0.955954
0.926104
0.952035
0.917789
0.885323
0.901820
0.948873
0.900830
0.925453
0.944811
0.945745
0.872360
0.943702
0.908838
0.918030
0.901388
0.918949
0.936998
0.948543
0.923567
0.944722
0.949933
0.962166
0.905124
0.948031
0.932572
0.922569
0.941072
0.949447
0.954434
0.916431
0.947143
0.950315
0.890217
0.908113
0.910180
0.863080
0.878042
0.885938
0.903213
0.865058
0.924490
0.888665
0.881237
0.920115
0.933170
0.884922
0.925913
0.927055
0.917131
0.887273
0.899217
0.869931
0.938193
0.933022
0.915742
0.924449
0.909064
0.929225
0.927207
0.920723
0.932891
0.953614
0.891127
0.892784
0.909548
0.904831
0.938548
0.913485
0.839805
0.885737
0.923025
0.894165
0.897310
0.880145
0.889807
0.908888
0.921434
0.950364
0.892353
0.878350
0.904281
0.905993
0.907994
0.891885
0.910644
0.923512
0.880815
0.915688
0.874572
0.882178
0.919634
0.918662
0.959209
0.933119
0.950728
0.949684
0.956678
0.941999
0.905186
0.828116
0.886868
0.878289
0.907258
0.895302
0.899168
0.891835
0.906588
0.908486
0.874525
0.874062
0.908670
0.905244
0.891490
0.884543
0.928690
0.915635
0.935241
0.923000
0.923579
0.879843
0.923539
0.896649
0.954387
0.902886
0.951011
0.963522
0.889859
0.912079
0.883172
0.858115
0.856105
0.936029
0.931960
0.946307
0.933345
0.892104
0.893291
0.873005
0.864034
0.936934
0.905186
0.945884
0.916746
0.955114
0.899168
0.919227
0.946973
0.926346
0.949462
0.928996
0.955155
0.951412
0.953400
0.944891
0.955937
0.912186
0.895035
0.899587
0.932789
0.875394
0.897815
0.898546
0.914733
0.913387
0.926691
0.915871
0.899124
0.934473
0.927674
0.965532
0.935320
0.882969
0.895983
0.929369
0.881755
0.923011
0.930795
0.931335
0.925310
0.939435
0.924327
0.888681
0.931781
0.902048
0.954897
0.917865
0.906628
0.916656
0.928688
0.936595
0.953244
0.932153
0.917754
0.905652
0.908415
0.879105
0.885588
0.872020
0.886516
0.919747
0.892355
0.916688
0.895067
0.931992
0.898070
0.919245
0.916726
0.945817
0.940579
0.944001
0.950823
0.950862
0.944215
0.931087
0.907077
0.901224
0.939307
0.920772
0.887648
0.916348
0.928681
0.950477
0.893021
0.905011
0.915307
0.935516
0.925074
0.963494
0.924918
0.936255
0.931100
0.873957
0.936790
0.922984
0.924144
0.950722
0.868541
0.941861
0.931240
0.936519
0.928734
0.937801
0.936938
0.954953
0.933736
0.943491
0.948290
0.955276
0.947522
0.961520
0.946641
0.861177
0.888554
0.872829
0.914479
0.914146
0.898819
0.873928
0.920053
0.883299
0.892765
0.895618
0.943295
0.897713
0.922589
0.877346
0.906175
0.906517
0.974581
0.954003
0.960561
0.867185
0.916833
0.875275
0.881469
0.885893
0.910804
0.885708
0.904920
0.883622
0.867663
0.867266
0.879299
0.918424
0.936072
0.913194
0.939485
0.913088
0.969865
0.944427
0.944202
0.951641
0.939819
0.954748
0.923286
0.888125
0.923532
0.908669
0.887698
0.940423
0.912915
0.950536
0.949085
0.898729
0.953451
0.880040
0.943840
0.888012
0.933319
0.920607
0.972664
0.940860
0.898519
0.871466
0.937020
0.931672
0.842038
0.866748
0.866791
0.907688
0.914609
0.866071
0.885796
0.879942
0.911089
0.912325
0.914991
0.897222
0.930903
0.958519
0.913232
0.929177
0.934481
0.980157
0.958748
0.964283
0.955382
0.944014
0.934477
0.907023
0.871724
0.925391
0.855423
0.914108
0.898439
0.877663
0.888033
0.916557
0.965608
0.916146
0.830773
0.902830
0.897319
0.950557
0.895764
0.899904
0.911660
0.934328
0.912786
0.898707
0.947985
0.913914
0.911594
0.909263
0.927937
0.928640
0.941643
0.959765
0.974488
0.920705
0.959661
0.946492
0.938754
0.958421
0.956844
0.950500
0.927117
0.884632
0.888344
0.905717
0.920783
0.960081
0.946072
0.872406
0.861738
0.905263
0.901536
0.888103
0.891344
0.926812
0.913367
0.929108
0.904801
0.904173
0.900774
0.941273
0.934746
0.907430
0.944683
0.958975
0.923331
0.916980
0.908268
0.934118
0.958785
0.924223
0.916784
0.961390
0.921140
0.949366
0.908268
0.894281
0.921433
0.949172
0.887805
0.947753
0.891848
0.941512
0.909694
0.942090
0.928534
0.906432
0.884425
0.913707
0.936441
0.919095
0.918288
0.943648
0.892016
0.954178
0.908268
0.925506
0.906901
0.916199
0.951285
0.961812
0.917755
0.952075
0.963390
0.941456
0.924109
0.953692
0.918650
0.927670
0.933143
0.900457
0.939828
0.946921
0.944569
0.945879
0.928508
0.881851
0.905626
0.929550
0.924340
0.948292
0.944862
0.944656
0.940136
0.889279
0.870110
0.908131
0.934654
0.940510
0.932964
0.918092
0.905739
0.933369
0.964241
0.935966
0.921526
0.933647
0.955662
0.965276
0.921827
0.890176
0.829706
0.880244
0.893142
0.904752
0.888176
0.863651
0.843779
0.889283
0.902015
0.914300
0.878914
0.897671
0.894782
0.909517
0.923913
0.921685
0.894638
0.930795
0.887385
0.872885
0.915271
0.932748
0.894518
0.918835
0.928623
0.954962
0.899867
0.904065
0.951488
0.942317
0.958249
0.943268
0.929671
0.963150
0.934221
0.946251
0.877669
0.878736
0.876723
0.915490
0.899041
0.899164
0.917143
0.902710
0.903347
0.938349
0.892763
0.932825
0.943545
0.892503
0.896879
0.864481
0.868972
0.920656
0.913260
0.886364
0.949279
0.873263
0.895255
0.887608
0.883333
0.913575
0.915708
0.918168
0.911371
0.862525
0.868616
0.887794
0.908314
0.879266
0.898097
0.911814
0.947725
0.882782
0.941409
0.883997
0.904721
0.928313
0.909092
0.905186
0.919153
0.899168
0.946212
0.928700
0.957012
0.866927
0.878047
0.916580
0.951217
0.942973
0.929187
0.900273
0.902333
0.943629
0.959585
0.915872
0.919281
0.902268
0.904097
0.880965
0.924315
0.935777
0.946043
0.962335
0.955523
0.950643
0.912381
0.968203
0.950408
0.955922
0.951757
0.963269
0.931623
0.956879
0.910212
0.909077
0.914027
0.886454
0.905661
0.873734
0.898270
0.868527
0.880406
0.930555
0.909117
0.934121
0.931748
0.939508
0.926564
0.943540
0.921206
0.938408
0.915395
0.898467
0.901079
0.926833
0.954516
0.873068
0.944944
0.886504
0.900543
0.882437
0.933245
0.937982
0.948273
0.959371
0.947433
0.963856
0.949229
0.945694
0.974829
0.952369
0.942069
0.880844
0.926080
0.925949
0.886900
0.911323
0.897245
0.886158
0.914462
0.870319
0.912698
0.932403
0.911193
0.935445
0.947319
0.951204
0.971794
0.955142
0.954891
0.944443
0.963655
0.955240
0.932803
0.879091
0.947750
0.882875
0.956281
0.839179
0.924373
0.874741
0.849900
0.873816
0.956168
0.898056
0.915548
0.951061
0.890370
0.904167
0.888613
0.906425
0.868966
0.866108
0.949284
0.925746
0.920150
0.888714
0.896488
0.927421
0.864290
0.916716
0.907147
0.967785
0.940973
0.928346
0.908268
0.945133
0.936656
0.963221
0.954731
0.935138
0.954756
0.950997
0.944254
0.931552
0.957221
0.947911
0.922710
0.920586
0.898904
0.897197
0.904052
0.904422
0.909421
0.953542
0.905046
0.886373
0.894965
0.911102
0.908981
0.884762
0.851786
0.929568
0.903333
0.911966
0.938936
0.872261
0.905035
0.940717
0.905004
0.894416
0.925415
0.855074
0.932903
0.956681
0.925184
0.870667
0.933743
0.874004
0.909721
0.928725
0.939125
0.907043
0.929272
0.892438
0.894623
0.935096
0.937064
0.915300
0.923180
0.897314
0.943305
0.894914
0.949594
0.927436
0.949319
0.956897
0.950722
0.920744
0.909615
0.873435
0.891873
0.889555
0.882225
0.938268
0.942131
0.875189
0.883812
0.886397
0.877291
0.940308
0.940502
0.916357
0.947393
0.920073
0.905629
0.900910
0.905422
0.898198
0.924130
0.930507
0.884166
0.917071
0.920261
0.933862
0.952085
0.952863
0.948680
0.931097
0.963492
0.928655
0.934437
0.878342
0.892229
0.940517
0.895673
0.912894
0.927635
0.925679
0.868988
0.915049
0.910054
0.922171
0.887484
0.893934
0.915547
0.932170
0.893158
0.933376
0.938737
0.941611
0.918578
0.899076
0.916124
0.909998
0.912317
0.934485
0.943808
0.914404
0.884962
0.961448
0.952149
0.918123
0.854616
0.904795
0.899996
0.941844
0.910924
0.932785
0.959880
0.954659
0.940946
0.943391
0.897994
0.919245
0.884310
0.966238
0.937847
0.947837
0.961888
0.941686
0.922246
0.929220
0.941942
0.942794
0.970075
0.906491
0.902483
0.890715
0.908194
0.892093
0.910365
0.923482
0.902232
0.913928
0.902131
0.911080
0.942119
0.896068
0.922819
0.910297
0.933000
0.917212
0.952568
0.946076
0.946261
0.939305
0.942884
0.958308
0.874853
0.875257
0.851821
0.933095
0.925920
0.948835
0.895170
0.882679
0.958232
0.879870
0.912465
0.881310
0.892662
0.894923
0.871946
0.892087
0.912925
0.912269
0.909833
0.908013
0.913621
0.885804
0.882822
0.879330
0.866283
0.869864
0.919690
0.881040
0.890502
0.902117
0.912660
0.938867
0.934167
0.943208
0.940346
0.964268
0.931817
0.936507
0.948094
0.951979
0.906407
0.917334
0.902767
0.891465
0.912980
0.905000
0.912459
0.884410
0.875595
0.960950
0.892813
0.938868
0.909037
0.898676
0.900158
0.958981
0.929480
0.904807
0.891264
0.872629
0.875983
0.905484
0.901915
0.897112
0.873853
0.910593
0.925040
0.875790
0.937063
0.894407
0.892960
0.908254
0.893094
0.896845
0.919479
0.881277
0.941575
0.885555
0.919856
0.876004
0.942944
0.917009
0.912033
0.943952
0.947479
0.925077
0.935228
0.968263
0.941038
0.874180
0.856929
0.954530
0.910037
0.933246
0.926387
0.934938
0.913005
0.919102
0.920801
0.900279
0.917443
0.867730
0.916980
0.940150
0.916848
0.916776
0.899507
0.914478
0.915298
0.909371
0.917193
0.914047
0.895328
0.924662
0.883949
0.912746
0.946535
0.905186
0.927660
0.899168
0.889934
0.974005
0.960631
0.944888
0.931869
0.953197
0.936572
0.936553
0.966161
0.937894
0.949927
0.946481
0.904841
0.915344
0.955860
0.957868
0.948470
0.906773
0.867018
0.926844
0.878417
0.902880
0.923735
0.923467
0.948258
0.952146
0.945809
0.967961
0.953350
0.935424
0.851343
0.863083
0.910986
0.964104
0.892359
0.910429
0.936749
0.912480
0.895013
0.899669
0.899845
0.903624
0.912169
0.940978
0.955262
0.906523
0.932328
0.862132
0.902510
0.945739
0.882928
0.884670
0.897878
0.927897
0.887521
0.896081
0.911986
0.907856
0.890187
0.914843
0.914200
0.907247
0.930715
0.892676
0.925884
0.906499
0.925311
0.974397
0.952163
0.919117
0.969701
0.945272
0.941623
0.921355
0.912432
0.925247
0.920066
0.893947
0.913306
0.948285
0.821039
0.889194
0.913957
0.865192
0.890539
0.880376
0.870516
0.917228
0.914172
0.899500
0.900633
0.872178
0.931699
0.881291
0.880916
0.905186
0.904945
0.899168
0.885584
0.959143
0.946815
0.891182
0.908665
0.893883
0.872170
0.887081
0.938670
0.909267
0.920104
0.861088
0.925392
0.934444
0.961730
0.899870
0.907131
0.905995
0.965078
0.886070
0.893945
0.948841
0.954169
0.928315
0.925031
0.959394
0.899847
0.941092
0.878070
0.872896
0.938746
0.917535
0.891946
0.887661
0.891954
0.877827
0.897678
0.888893
0.903048
0.930549
0.903742
0.867685
0.919833
0.890468
0.907532
0.930276
0.887613
0.945277
0.938102
0.960065
0.944393
0.963920
0.931145
0.946376
0.943198
0.968506
0.939462
0.961123
0.876882
0.914357
0.916766
0.909333
0.901599
0.905872
0.854513
0.933205
0.896324
0.918021
0.899056
0.961321
0.892839
0.906837
0.873752
0.921384
0.910022
0.949593
0.924974
0.944818
0.934552
0.958276
0.910777
0.960581
0.951486
0.944845
0.944811
0.938641
0.914638
0.960303
0.911430
0.900247
0.910534
0.899635
0.877216
0.922276
0.878883
0.885310
0.899984
0.912260
0.949795
0.897476
0.899593
0.893757
0.880180
0.926291
0.943030
0.947946
0.873967
0.860334
0.886960
0.924081
0.913147
0.930957
0.897483
0.908125
0.925359
0.929155
0.904014
0.954051
0.883461
0.918529
0.942429
0.945490
0.965943
0.925764
0.962962
0.965766
0.954594
0.960456
0.962391
0.954448
0.969154
0.911874
0.887202
0.885303
0.874505
0.879386
0.896692
0.948902
0.861715
0.898151
0.922560
0.881356
0.938471
0.915684
0.888384
0.945950
0.934778
0.873507
0.952881
0.932618
0.894419
0.889379
0.924535
0.908268
0.964232
0.947282
0.950596
0.898593
0.891096
0.877711
0.938863
0.916445
0.923210
0.969946
0.949223
0.954426
0.884581
0.908345
0.947124
0.924368
0.899067
0.912109
0.888893
0.913124
0.954275
0.889341
0.938142
0.942456
0.888013
0.946445
0.961181
0.968669
0.948394
0.938506
0.957968
0.952006
0.836265
0.880128
0.901152
0.874823
0.887605
0.911015
0.921254
0.913311
0.922790
0.886328
0.920857
0.882214
0.920354
0.917063
0.920823
0.928355
0.908897
0.901906
0.907543
0.894302
0.924825
0.942507
0.900166
0.917581
0.921963
0.908239
0.936740
0.948088
0.890379
0.909269
0.884822
0.945139
0.913596
0.920169
0.925606
0.933785
0.934633
0.928638
0.957094
0.937598
0.936882
0.933279
0.911811
0.906212
0.916980
0.919708
0.937031
0.972666
0.973120
0.922119
0.928722
0.943592
0.924222
0.955353
0.870106
0.938830
0.936829
0.910376
0.952753
0.908268
0.876507
0.908268
0.920185
0.940110
0.924550
0.922100
0.908224
0.921127
0.893512
0.921560
0.901017
0.917489
0.890920
0.891875
0.929958
0.880259
0.967394
0.923625
0.903117
0.953959
0.911745
0.923151
0.908268
0.958249
0.941957
0.908268
0.959605
0.967182
0.958296
0.938283
0.928522
0.947745
0.956796
0.931572
0.948014
0.965213
0.874611
0.956654
0.954817
0.881499
0.954472
0.925820
0.898652
0.912983
0.921979
0.881602
0.897846
0.851958
0.907314
0.914332
0.887896
0.922735
0.935717
0.963041
0.911219
0.890102
0.933699
0.884319
0.887463
0.943757
0.907500
0.879316
0.923339
0.913319
0.875562
0.920215
0.922296
0.908269
0.904730
0.952414
0.966588
0.942961
0.939605
0.942785
0.928752
0.945717
0.947023
0.953486
0.922946
0.928561
0.971115
0.951747
0.892582
0.880116
0.858698
0.917787
0.910750
0.888340
0.937682
0.889154
0.915174
0.945206
0.905186
0.945854
0.899168
0.904595
0.947987
0.900464
0.962745
0.944635
0.945696
0.901054
0.862937
0.917242
0.902831
0.922213
0.916607
0.956240
0.892892
0.893989
0.920458
0.895596
0.878070
0.918674
0.892810
0.937278
0.941187
0.948529
0.940588
0.909892
0.918244
0.928856
0.932686
0.959021
0.966244
0.953780
0.941781
0.877867
0.899056
0.900424
0.941564
0.960384
0.921640
0.909810
0.918761
0.931175
0.940158
0.926427
0.910386
0.928298
0.973767
0.949616
0.901339
0.925917
0.892718
0.935083
0.949284
0.918558
0.941231
0.911264
0.954675
0.950719
0.933806
0.888576
0.875384
0.891739
0.874504
0.900635
0.925666
0.905396
0.902636
0.906609
0.949595
0.888541
0.898764
0.882271
0.871410
0.904340
0.922172
0.906656
0.893158
0.888085
0.881008
0.916513
0.946814
0.933352
0.949522
0.939346
0.968828
0.942221
0.944538
0.941740
0.941979
0.935079
0.898646
0.959987
0.847377
0.896885
0.911834
0.885291
0.864585
0.899214
0.883449
0.896870
0.911161
0.902785
0.924589
0.892270
0.923458
0.878407
0.878582
0.883755
0.909419
0.895627
0.893286
0.890017
0.939982
0.898283
0.911114
0.907811
0.889644
0.908422
0.878501
0.886576
0.932339
0.877561
0.939713
0.943080
0.930610
0.915882
0.884834
0.950633
0.966392
0.959358
0.953599
0.935041
0.959037
0.939138
0.921391
0.934343
0.962051
0.927345
0.893593
0.894540
0.937715
0.880917
0.954927
0.934949
0.904529
0.929411
0.904902
0.943015
0.963699
0.898305
0.881359
0.963661
0.899917
0.883539
0.969076
0.972328
0.888910
0.890436
0.911733
0.896687
0.922153
0.922266
0.918646
0.933140
0.916242
0.917291
0.921557
0.937328
0.928783
0.930818
0.911357
0.883048
0.865478
0.929120
0.909786
0.901985
0.903604
0.913490
0.875199
0.919802
0.893531
0.906119
0.876467
0.896855
0.904451
0.932421
0.918482
0.964123
0.942971
0.926022
0.901296
0.900713
0.909164
0.947645
0.941647
0.966245
0.966816
0.925238
0.917183
0.915966
0.937962
0.924707
0.898396
0.891625
0.900376
0.913886
0.935681
0.905203
0.902950
0.910896
0.915766
0.884960
0.943502
0.926936
0.930054
0.973971
0.971143
0.940933
0.949558
0.907982
0.935114
0.880506
0.934544
0.920705
0.914836
0.935824
0.929906
0.955740
0.901767
0.899156
0.929983
0.950548
0.918530
0.915704
0.890512
0.933944
0.941489
0.965994
0.960931
0.959509
0.908794
0.870190
0.914984
0.913880
0.877029
0.931202
0.924954
0.919164
0.907820
0.893571
0.957065
0.926034
0.904674
0.906253
0.926228
0.924153
0.939457
0.904231
0.927193
0.881486
0.876798
0.900628
0.918133
0.975362
0.965010
0.935190
0.944415
0.893870
0.896812
0.894885
0.944532
0.926798
0.876711
0.901405
0.911749
0.926321
0.896937
0.915092
0.906407
0.899927
0.935970
0.940248
0.885001
0.914880
0.907433
0.922417
0.939203
0.929259
0.905077
0.909677
0.901453
0.900110
0.887531
0.952376
0.880351
0.940015
0.942357
0.933057
0.934614
0.970870
0.969375
0.954374
0.917352
0.966927
0.928735
0.972997
0.946133
0.956915
0.933021
0.964464
0.923658
0.931593
0.915446
0.886973
0.905375
0.914896
0.872319
0.924929
0.901780
0.934769
0.901264
0.894456
0.883933
0.904772
0.892383
0.952808
0.899491
0.901682
0.899066
0.919481
0.924150
0.907695
0.906194
0.888293
0.881659
0.938039
0.915115
0.917202
0.886798
0.890289
0.909801
0.923896
0.903487
0.911450
0.898633
0.917308
0.940839
0.962404
0.970774
0.958535
0.942223
0.904768
0.914921
0.896259
0.873662
0.912231
0.939198
0.933584
0.937046
0.922874
0.934189
0.916502
0.919697
0.904102
0.910205
0.910565
0.917093
0.912511
0.952880
0.941182
0.947059
0.914238
0.924251
0.924417
0.912081
0.925637
0.924115
0.942889
0.924945
0.912605
0.926560
0.905473
0.912113
0.939245
0.910074
0.901538
0.920292
0.945251
0.874619
0.923318
0.883678
0.883678
0.939808
0.883678
0.939245
0.957027
0.908336
